                    1
                  1   1
                1   2   1
              1   3   3   1
            1   4   6   4   1
          1   5  10  10   5   1
        1   6  15  20  15   6   1
      1   7  21  35  35  21   7   1
    1   8  28  56  70  56  28   8   1
  1   9  36  84 126 126  84  36   9   1

                  001
                001 001
              001 002 001
            001 003 003 001
          001 004 006 004 001
        001 005 010 010 005 001
      001 006 015 020 015 006 001
    001 007 021 035 035 021 007 001
  001 008 028 056 070 056 028 008 001
001 009 036 084 126 126 084 036 009 001

             01
            01 01
          01 02 01
         01 03 03 01
       01 04 06 04 01
      01 05 0A 0A 05 01
    01 06 0F 14 0F 06 01
   01 07 15 23 23 15 07 01
 01 08 1C 38 46 38 1C 08 01
01 09 24 54 7E 7E 54 24 09 01

                                  1
                                1   1
                              1   2   1
                            1   3   3   1
                          1   4   6   4   1
                        1   5   A   A   5   1
                      1   6   F   K   F   6   1
                    1   7   L  13  13   L   7   1
                  1   8   S  1O  26  1O   S   8   1
                1   9  14  2K  3U  3U  2K  14   9   1
              1   A  1D  3O  6I  7S  6I  3O  1D   A   1
            1   B  1N  55  AA  EE  EE  AA  55  1N   B   1
          1   C  22  6S  FF  OO  SS  OO  FF  6S  22   C   1
        1   D  2E  8U  MB 187 1LK 1LK 187  MB  8U  2E   D   1
      1   E  2R  BC  V9 1UI 2TR 3B8 2TR 1UI  V9  BC  2R   E   1
    1   F  39  E7 1AL 2TR 4SD 693 693 4SD 2TR 1AL  E7  39   F   1
  1   G  3O  HG 1OS 48G 7Q8 B5G CI6 B5G 7Q8 48G 1OS  HG  3O   G   1

                                                    1
                                                 1     1
                                              1     2     1
                                           1     3     3     1
                                        1     4     6     4     1
                                     1     5    10    10     5     1
                                  1     6    15    20    15     6     1
                               1     7    21    35    35    21     7     1
                            1     8    28    56    70    56    28     8     1
                         1     9    36    84   126   126    84    36     9     1
                      1    10    45   120   210   252   210   120    45    10     1
                   1    11    55   165   330   462   462   330   165    55    11     1
                1    12    66   220   495   792   924   792   495   220    66    12     1
             1    13    78   286   715  1287  1716  1716  1287   715   286    78    13     1
          1    14    91   364  1001  2002  3003  3432  3003  2002  1001   364    91    14     1
       1    15   105   455  1365  3003  5005  6435  6435  5005  3003  1365   455   105    15     1
    1    16   120   560  1820  4368  8008 11440 12870 11440  8008  4368  1820   560   120    16     1
